@SNID 44
@IAUC NULL    
@FAKE 2
@RA 209.882553
@DECL -12.400555
@PIXSIZE 0.2
@NXPIX -9
@NYPIX -9
@SNTYPE 1
@NOBS 83
@PTROBS_MIN 73
@PTROBS_MAX 155
@MWEBV 0.0829484
@MWEBV_ERR 0.0132717
@REDSHIFT_HELIO 1.06465
@REDSHIFT_HELIO_ERR 0.0005
@REDSHIFT_FINAL 1.06656
@REDSHIFT_FINAL_ERR 0.0005
@HOSTGAL_OBJID 29144
@HOSTGAL_PHOTOZ 1.20071
@HOSTGAL_PHOTOZ_ERR 0.05
@HOSTGAL_SPECZ 0.0
@HOSTGAL_SPECZ_ERR 0.0
@HOSTGAL_SNSEP -999.0
@HOSTGAL_LOGMASS -9.0
@HOSTGAL_LOGMASS_ERR -9.0
@HOSTGAL_MAG_u 999.0
@HOSTGAL_MAG_g 999.0
@HOSTGAL_MAG_r 999.0
@HOSTGAL_MAG_i 999.0
@HOSTGAL_MAG_z 999.0
@HOSTGAL_MAG_Y 999.0
@HOSTGAL_SB_FLUXCAL_u -9.0
@HOSTGAL_SB_FLUXCAL_g -9.0
@HOSTGAL_SB_FLUXCAL_r -9.0
@HOSTGAL_SB_FLUXCAL_i -9.0
@HOSTGAL_SB_FLUXCAL_z -9.0
@HOSTGAL_SB_FLUXCAL_Y -9.0
@PEAKMJD 50915.8
@SEARCH_TYPE -9
@SIM_MODEL_NAME SALT2.Guy10_LAMOPEN 
@SIM_MODEL_INDEX 6
@SIM_TYPE_INDEX 1
@SIM_TYPE_NAME Ia      
@SIM_NON1a 0
@SIM_LIBID 2082
@SIM_SEARCHEFF_MASK 3
@SIM_REDSHIFT_HELIO 1.06371
@SIM_REDSHIFT_CMB 1.06562
@SIM_VPEC -0.0
@SIM_DLMU 44.2709
@SIM_RA 209.882553101
@SIM_DECL -12.400554657
@SIM_MWEBV 0.0821098
@SIM_PEAKMJD 50916.5
@SIM_SALT2x0 1.695e-06
@SIM_SALT2x1 -0.708466
@SIM_SALT2c 0.0178018
@SIM_SALT2mB 25.0621
@SIM_SALT2alpha 0.14
@SIM_SALT2beta 3.2
@SIM_PEAKMAG_u -9.0
@SIM_PEAKMAG_g -9.0
@SIM_PEAKMAG_r 26.5509
@SIM_PEAKMAG_i 25.0618
@SIM_PEAKMAG_z 24.534
@SIM_PEAKMAG_Y 24.5804
@SIM_EXPOSURE_u 1.0
@SIM_EXPOSURE_g 1.0
@SIM_EXPOSURE_r 1.0
@SIM_EXPOSURE_i 1.0
@SIM_EXPOSURE_z 1.0
@SIM_EXPOSURE_Y 1.0
@SIM_GALFRAC_u -9.0
@SIM_GALFRAC_g -9.0
@SIM_GALFRAC_r -9.0
@SIM_GALFRAC_i -9.0
@SIM_GALFRAC_z -9.0
@SIM_GALFRAC_Y -9.0
MJD FIELD TELESCOPE PHOTFLAG PHOTPROB flux fluxerr MAG MAGERR PSF_SIG1 PSF_SIG2 PSF_RATIO SKY_SIG SKY_SIG_T RDNOISE ZEROPT ZEROPT_ERR GAIN SIM_MAGOBS ZP ZPSYS band
50877.211 2082         LSST                 0 0.0 -0.243375 1.27381 99.0 5.0 2.91 0.0 0.0 124.62 -9.0 1.15 35.01 0.005 1.0 99.0 27.5 ab LSST_r
50877.227 2082         LSST                 0 0.0 -0.578643 2.03152 99.0 5.0 2.87 0.0 0.0 188.94 -9.0 1.2 34.94 0.005 1.0 99.0 27.5 ab LSST_i
50877.238 2082         LSST                 0 0.0 0.611568 3.23157 99.0 5.0 2.91 0.0 0.0 201.32 -9.0 1.27 34.52 0.005 1.0 99.0 27.5 ab LSST_z
50877.246 2082         LSST                 0 0.0 -19.0733 13.9148 99.0 5.0 2.91 0.0 0.0 171.38 -9.0 1.12 32.76 0.005 1.0 99.0 27.5 ab LSST_Y
50881.191 2082         LSST                 0 0.0 -0.139555 1.23618 99.0 5.0 1.53 0.0 0.0 217.66 -9.0 1.12 34.95 0.005 1.0 99.0 27.5 ab LSST_r
50881.207 2082         LSST                 0 0.0 3.20314 1.44854 99.0 5.0 1.52 0.0 0.0 242.71 -9.0 1.17 34.89 0.005 1.0 99.0 27.5 ab LSST_i
50881.219 2082         LSST                 0 0.0 -0.18162 1.86808 99.0 5.0 1.51 0.0 0.0 250.5 -9.0 1.35 34.64 0.005 1.0 99.0 27.5 ab LSST_z
50881.23 2082         LSST                 0 0.0 -13.2749 7.24635 99.0 5.0 1.53 0.0 0.0 179.39 -9.0 1.15 32.82 0.005 1.0 99.0 27.5 ab LSST_Y
50886.281 2082         LSST                 0 0.0 -9.08493 17.2941 128.0 0.0 1.97 0.0 0.0 95.02 -9.0 0.61 31.46 0.005 1.0 28.1445 27.5 ab LSST_Y
50892.191 2082         LSST                 0 0.0 -0.305465 1.52099 128.0 0.0 2.29 0.0 0.0 183.94 -9.0 1.12 34.98 0.005 1.0 28.5343 27.5 ab LSST_r
50892.207 2082         LSST                 0 0.0 5.24667 2.06688 25.7003 0.543666 2.28 0.0 0.0 233.05 -9.0 1.17 34.9 0.005 1.0 26.6641 27.5 ab LSST_i
50892.219 2082         LSST                 0 0.0 -2.92492 2.78081 128.0 0.0 2.27 0.0 0.0 250.34 -9.0 1.35 34.65 0.005 1.0 26.1634 27.5 ab LSST_z
50892.23 2082         LSST                 0 0.0 -21.1233 10.396 128.0 0.0 2.28 0.0 0.0 174.3 -9.0 1.15 32.83 0.005 1.0 26.2863 27.5 ab LSST_Y
50895.152 2082         LSST                 0 0.0 2.54454 0.827768 26.486 0.427188 1.8 0.0 0.0 123.63 -9.0 1.12 34.95 0.005 1.0 27.7393 27.5 ab LSST_r
50895.168 2082         LSST                 0 0.0 4.40424 1.28141 25.8903 0.373252 1.78 0.0 0.0 191.86 -9.0 1.2 34.94 0.005 1.0 26.1865 27.5 ab LSST_i
50895.18 2082         LSST                 0 0.0 3.87138 2.03006 26.0303 0.806796 1.8 0.0 0.0 204.31 -9.0 1.27 34.52 0.005 1.0 25.6956 27.5 ab LSST_z
50895.188 2082         LSST                 0 0.0 -4.30712 8.72395 128.0 0.0 1.8 0.0 0.0 173.71 -9.0 1.12 32.76 0.005 1.0 25.8276 27.5 ab LSST_Y
50907.316 2082         LSST                 0 0.0 3.20623 0.676551 26.235 0.257254 1.69 0.0 0.0 120.02 -9.0 1.15 35.07 0.005 1.0 26.4112 27.5 ab LSST_r
50907.332 2082         LSST                 0 0.0 8.14686 1.18722 25.2225 0.170916 1.7 0.0 0.0 187.47 -9.0 1.2 34.95 0.005 1.0 25.1252 27.5 ab LSST_i
50907.34 2082         LSST                 0 0.0 15.1009 1.88918 24.5525 0.145003 1.69 0.0 0.0 203.73 -9.0 1.27 34.53 0.005 1.0 24.6725 27.5 ab LSST_z
50907.352 2082         LSST                 0 0.0 25.0674 8.47137 24.0022 0.44771 1.69 0.0 0.0 177.75 -9.0 1.12 32.75 0.005 1.0 24.7645 27.5 ab LSST_Y
50910.109 2082         LSST                 0 0.0 1.57937 1.7 27.0038 100.996 1.98 0.0 0.0 229.11 -9.0 1.12 34.94 0.005 1.0 26.3849 27.5 ab LSST_r
50910.129 2082         LSST                 0 0.0 12.1822 2.00558 24.7857 0.195221 1.97 0.0 0.0 256.6 -9.0 1.17 34.88 0.005 1.0 25.0422 27.5 ab LSST_i
50910.145 2082         LSST                 0 0.0 13.4686 2.32463 24.6767 0.205626 1.92 0.0 0.0 278.37 -9.0 1.44 34.78 0.005 1.0 24.5894 27.5 ab LSST_z
50910.148 2082         LSST                 0 0.0 8.38753 9.34272 25.1909 102.809 1.97 0.0 0.0 179.57 -9.0 1.15 32.82 0.005 1.0 24.6581 27.5 ab LSST_Y
50912.355 2082         LSST                 0 0.0 -5.41913 34.9454 128.0 0.0 2.12 0.0 0.0 57.47 -9.0 0.35 30.23 0.005 1.0 24.6053 27.5 ab LSST_Y
50913.238 2082         LSST                 0 0.0 14.9363 12.8225 24.5644 2.12286 1.43 0.0 0.0 96.94 -9.0 0.61 31.46 0.005 1.0 24.592 27.5 ab LSST_Y
50921.172 2082         LSST                 0 0.0 2.01438 0.603716 26.7396 0.386741 1.11 0.0 0.0 166.24 -9.0 1.15 35.09 0.005 1.0 26.8546 27.5 ab LSST_r
50921.191 2082         LSST                 0 0.0 8.31579 0.871108 25.2002 0.12002 1.11 0.0 0.0 215.91 -9.0 1.2 34.98 0.005 1.0 25.2096 27.5 ab LSST_i
50921.199 2082         LSST                 0 0.0 14.5277 1.23341 24.5945 0.0961808 1.11 0.0 0.0 231.59 -9.0 1.35 34.68 0.005 1.0 24.6044 27.5 ab LSST_z
50921.211 2082         LSST                 0 0.0 16.4993 4.87734 24.4563 0.380411 1.11 0.0 0.0 172.23 -9.0 1.15 32.86 0.005 1.0 24.6233 27.5 ab LSST_Y
50924.07 2082         LSST                 0 0.0 1.39079 0.533133 27.1418 0.52482 1.17 0.0 0.0 124.71 -9.0 1.12 34.97 0.005 1.0 27.098 27.5 ab LSST_r
50924.09 2082         LSST                 0 0.0 7.18033 0.836649 25.3596 0.134395 1.16 0.0 0.0 193.1 -9.0 1.2 34.95 0.005 1.0 25.321 27.5 ab LSST_i
50924.098 2082         LSST                 0 0.0 13.9612 1.32454 24.6377 0.108092 1.17 0.0 0.0 205.62 -9.0 1.27 34.53 0.005 1.0 24.6924 27.5 ab LSST_z
50924.109 2082         LSST                 0 0.0 7.60989 5.66013 25.2966 1.47843 1.17 0.0 0.0 174.83 -9.0 1.12 32.77 0.005 1.0 24.6679 27.5 ab LSST_Y
50936.211 2082         LSST                 0 0.0 0.0415122 0.537556 30.9546 97.0454 1.39 0.0 0.0 118.51 -9.0 1.15 35.09 0.005 1.0 28.1195 27.5 ab LSST_r
50936.227 2082         LSST                 0 0.0 4.766 0.932878 25.8046 0.23643 1.39 0.0 0.0 183.59 -9.0 1.2 34.97 0.005 1.0 25.9276 27.5 ab LSST_i
50936.234 2082         LSST                 0 0.0 7.21869 1.48658 25.3539 0.250289 1.39 0.0 0.0 198.78 -9.0 1.27 34.55 0.005 1.0 25.2906 27.5 ab LSST_z
50936.246 2082         LSST                 0 0.0 12.0552 6.64776 24.7971 0.870406 1.39 0.0 0.0 172.81 -9.0 1.12 32.77 0.005 1.0 25.0529 27.5 ab LSST_Y
50939.07 2082         LSST                 0 0.0 0.805059 1.24862 27.7354 100.265 1.43 0.0 0.0 243.99 -9.0 1.12 34.99 0.005 1.0 28.3398 27.5 ab LSST_r
50939.086 2082         LSST                 0 0.0 3.1102 1.49234 26.268 0.709574 1.42 0.0 0.0 272.66 -9.0 1.17 34.91 0.005 1.0 26.1129 27.5 ab LSST_i
50939.098 2082         LSST                 0 0.0 1.91421 1.89255 26.795 4.86465 1.42 0.0 0.0 274.78 -9.0 1.35 34.66 0.005 1.0 25.4705 27.5 ab LSST_z
50939.105 2082         LSST                 0 0.0 16.4254 6.49549 24.4612 0.546377 1.43 0.0 0.0 174.99 -9.0 1.15 32.84 0.005 1.0 25.1708 27.5 ab LSST_Y
50960.285 2082         LSST                 0 0.0 -2.09603 0.826413 128.0 0.0 1.43 0.0 0.0 133.11 -9.0 1.12 34.78 0.005 1.0 29.089 27.5 ab LSST_r
50960.301 2082         LSST                 0 0.0 2.8646 1.53191 26.3573 0.830796 1.43 0.0 0.0 205.06 -9.0 1.12 34.58 0.005 1.0 27.59 27.5 ab LSST_i
50960.312 2082         LSST                 0 0.0 0.741516 2.37936 27.8247 100.175 1.43 0.0 0.0 241.8 -9.0 1.27 34.28 0.005 1.0 26.7746 27.5 ab LSST_z
50964.145 2082         LSST                 0 0.0 0.857659 0.70788 27.6667 1.89458 1.81 0.0 0.0 118.66 -9.0 1.15 35.08 0.005 1.0 29.5317 27.5 ab LSST_r
50964.16 2082         LSST                 0 0.0 0.152111 1.23591 29.5446 98.4554 1.82 0.0 0.0 184.62 -9.0 1.2 34.96 0.005 1.0 27.7563 27.5 ab LSST_i
50964.172 2082         LSST                 0 0.0 1.19142 1.98079 27.3098 100.69 1.81 0.0 0.0 200.19 -9.0 1.27 34.53 0.005 1.0 26.951 27.5 ab LSST_z
50964.18 2082         LSST                 0 0.0 -1.06408 8.80168 128.0 0.0 1.81 0.0 0.0 174.29 -9.0 1.12 32.76 0.005 1.0 26.3648 27.5 ab LSST_Y
50967.004 2082         LSST                 0 0.0 1.32851 2.35467 27.1916 100.808 3.03 0.0 0.0 215.19 -9.0 1.12 34.98 0.005 1.0 29.7392 27.5 ab LSST_r
50967.02 2082         LSST                 0 0.0 -4.35332 2.94189 128.0 0.0 3.01 0.0 0.0 253.77 -9.0 1.17 34.91 0.005 1.0 27.8707 27.5 ab LSST_i
50967.031 2082         LSST                 0 0.0 -1.27802 3.8832 128.0 0.0 3.0 0.0 0.0 264.52 -9.0 1.35 34.65 0.005 1.0 27.0817 27.5 ab LSST_z
50967.039 2082         LSST                 0 0.0 11.2898 13.6447 24.8683 103.132 3.02 0.0 0.0 172.68 -9.0 1.15 32.83 0.005 1.0 26.4945 27.5 ab LSST_Y
50994.094 2082         LSST                 0 0.0 -0.0390986 0.951443 128.0 0.0 1.91 0.0 0.0 147.14 -9.0 1.15 35.05 0.005 1.0 30.0216 27.5 ab LSST_r
50994.113 2082         LSST                 0 0.0 -0.569885 1.46091 128.0 0.0 1.92 0.0 0.0 203.1 -9.0 1.2 34.94 0.005 1.0 28.4877 27.5 ab LSST_i
50994.121 2082         LSST                 0 0.0 0.74423 2.16866 27.8207 100.179 1.91 0.0 0.0 227.77 -9.0 1.35 34.63 0.005 1.0 27.8117 27.5 ab LSST_z
50994.133 2082         LSST                 0 0.0 -0.184849 9.60217 128.0 0.0 1.9 0.0 0.0 186.21 -9.0 1.15 32.79 0.005 1.0 27.2622 27.5 ab LSST_Y
50995.074 2082         LSST                 0 0.0 -32.478 19.8709 128.0 0.0 1.88 0.0 0.0 76.99 -9.0 0.5 31.03 0.005 1.0 27.2747 27.5 ab LSST_Y
50999.121 2082         LSST                 0 0.0 103.898 35.8868 22.4585 0.460018 2.12 0.0 0.0 58.82 -9.0 0.35 30.23 0.005 1.0 27.3235 27.5 ab LSST_Y
51004.105 2082         LSST                 0 0.0 3.04858 22.3176 26.2898 101.71 1.34 0.0 0.0 58.59 -9.0 0.35 30.24 0.005 1.0 27.3821 27.5 ab LSST_Y
51005.07 2082         LSST                 0 0.0 -10.816 20.7297 128.0 0.0 2.24 0.0 0.0 98.34 -9.0 0.61 31.44 0.005 1.0 27.3932 27.5 ab LSST_Y
51005.984 2082         LSST                 0 0.0 0.846311 0.579483 27.6812 1.25319 1.48 0.0 0.0 114.45 -9.0 1.12 35.04 0.005 1.0 30.2895 27.5 ab LSST_r
51006.0 2082         LSST                 0 0.0 -1.29906 0.986869 128.0 0.0 1.48 0.0 0.0 176.35 -9.0 1.17 34.93 0.005 1.0 28.6708 27.5 ab LSST_i
51006.008 2082         LSST                 0 0.0 -0.498483 1.54294 128.0 0.0 1.48 0.0 0.0 194.3 -9.0 1.27 34.55 0.005 1.0 27.9382 27.5 ab LSST_z
51006.02 2082         LSST                 0 0.0 14.2019 6.82465 24.6191 0.711082 1.48 0.0 0.0 168.14 -9.0 1.12 32.78 0.005 1.0 27.404 27.5 ab LSST_Y
51008.984 2082         LSST                 0 0.0 -0.680375 0.875928 128.0 0.0 2.21 0.0 0.0 113.88 -9.0 1.12 35.02 0.005 1.0 30.3478 27.5 ab LSST_r
51009.0 2082         LSST                 0 0.0 1.26435 1.56549 27.2453 100.755 2.21 0.0 0.0 167.69 -9.0 1.12 34.81 0.005 1.0 28.7282 27.5 ab LSST_i
51009.008 2082         LSST                 0 0.0 6.17401 2.32726 25.5236 0.513634 2.21 0.0 0.0 194.28 -9.0 1.27 34.54 0.005 1.0 27.9812 27.5 ab LSST_z
51009.02 2082         LSST                 0 0.0 15.4338 10.2884 24.5288 1.19258 2.21 0.0 0.0 168.3 -9.0 1.12 32.77 0.005 1.0 27.4376 27.5 ab LSST_Y
51009.969 2082         LSST                 0 0.0 -21.3282 78.7607 128.0 0.0 3.16 0.0 0.0 90.16 -9.0 0.35 30.27 0.005 1.0 27.448 27.5 ab LSST_Y
51011.984 2082         LSST                 0 0.0 -0.69371 0.889533 128.0 0.0 2.24 0.0 0.0 114.1 -9.0 1.12 35.02 0.005 1.0 30.4015 27.5 ab LSST_r
51012.0 2082         LSST                 0 0.0 0.402046 1.59235 28.4893 99.5107 2.24 0.0 0.0 168.32 -9.0 1.12 34.81 0.005 1.0 28.7887 27.5 ab LSST_i
51012.012 2082         LSST                 0 0.0 2.72431 2.36954 26.4119 2.21317 2.24 0.0 0.0 195.27 -9.0 1.27 34.54 0.005 1.0 28.0274 27.5 ab LSST_z
51012.02 2082         LSST                 0 0.0 -2.05926 10.4875 128.0 0.0 2.24 0.0 0.0 169.36 -9.0 1.12 32.77 0.005 1.0 27.4699 27.5 ab LSST_Y
51014.984 2082         LSST                 0 0.0 -0.244328 0.726859 128.0 0.0 1.82 0.0 0.0 114.75 -9.0 1.12 35.02 0.005 1.0 30.4503 27.5 ab LSST_r
51015.0 2082         LSST                 0 0.0 -0.638936 1.30243 128.0 0.0 1.82 0.0 0.0 169.46 -9.0 1.12 34.81 0.005 1.0 28.8515 27.5 ab LSST_i
51015.012 2082         LSST                 0 0.0 0.912775 1.94035 27.5991 100.401 1.82 0.0 0.0 196.84 -9.0 1.27 34.54 0.005 1.0 28.0756 27.5 ab LSST_z
51015.02 2082         LSST                 0 0.0 -0.337404 8.64081 128.0 0.0 1.81 0.0 0.0 182.5 -9.0 1.15 32.83 0.005 1.0 27.5007 27.5 ab LSST_Y
51022.066 2082         LSST                 0 0.0 3.32529 5.89412 26.1954 101.805 2.07 0.0 0.0 96.53 -9.0 0.56 32.7 0.005 1.0 28.1929 27.5 ab LSST_z
51023.027 2082         LSST                 0 0.0 -8.91032 17.7638 128.0 0.0 1.96 0.0 0.0 97.2 -9.0 0.61 31.45 0.005 1.0 27.5775 27.5 ab LSST_Y
51028.043 2082         LSST                 0 0.0 16.5022 18.8285 24.4561 103.544 1.95 0.0 0.0 101.6 -9.0 0.61 31.43 0.005 1.0 27.6269 27.5 ab LSST_Y
51030.039 2082         LSST                 0 0.0 -4.52828 10.3872 128.0 0.0 2.21 0.0 0.0 96.05 -9.0 0.43 32.15 0.005 1.0 28.3293 27.5 ab LSST_z
